1323285772 1593
1323286097 1761
1323294585 1766
1323296945 1855
1323308075 1948
1323308253 1945
1323309254 2087
1323309319 2084
1323309456 2087
1323351882 2089
1323353744 2100
1323354757 1969
1323354981 1924
1323899546 1914
1324477763 2791
1324478081 2816
1324478171 2815
1324487084 2800
1324490237 2803
1324568397 2812
1324587939 2833
1324589240 2603
1325621413 2839
1325627385 3807
1325627570 3788
1325627654 2879
1325683599 2808
1325686546 2853
1325689292 3192
1325691163 2320
1325691926 2374
1325694647 3341
1325694826 2401
1325694900 2384
1325697058 2436
1325697373 2437
1325704572 2433
1325705929 2437
1325706512 2398
1325706683 2397
1325708013 2439
1325710206 2436
1325710265 2413
1325711275 2430
1325711348 2432
1325712665 2453
1325778461 2503
1325779443 2514
1326131874 2520
1326137743 2586
1326143909 2588
1326220113 2607
1326299639 2668
1326470939 2649
1326488205 2650
1326744864 2662
1326818900 2637
1326819420 2637
1326995620 2825
1326997507 2531
